# Made in Blockbench 5.0.7
mtllib materials.mtl

o spawnWater
v 5.9625 0.1609375 6.09375
v 5.9625 0.1609375 -5.90625
v 5.9625 0.1609375 6.09375
v 5.9625 0.1609375 -5.90625
v -6.0375 0.1609375 -5.90625
v -6.0375 0.1609375 6.09375
v -6.0375 0.1609375 -5.90625
v -6.0375 0.1609375 6.09375
vt 0 1
vt 0.25 1
vt 0.25 1
vt 0 1
vt 0 1
vt 0.25 1
vt 0.25 1
vt 0 1
vt 0 1
vt 0.25 1
vt 0.25 1
vt 0 1
vt 0 1
vt 0.25 1
vt 0.25 1
vt 0 1
vt 0.25 0.75
vt 0 0.75
vt 0 1
vt 0.25 1
vt 0.25 0.75
vt 0 0.75
vt 0 0.5
vt 0.25 0.5
vn 0 0 -1
vn 1 0 0
vn 0 0 1
vn -1 0 0
vn 0 1 0
vn 0 -1 0
usemtl m_a4a1dba4-c721-3545-2b1d-72dc8038293f
f 4/4/1 7/3/1 5/2/1 2/1/1
f 3/8/2 4/7/2 2/6/2 1/5/2
f 8/12/3 3/11/3 1/10/3 6/9/3
f 7/16/4 8/15/4 6/14/4 5/13/4
f 6/20/5 1/19/5 2/18/5 5/17/5
f 7/24/6 4/23/6 3/22/6 8/21/6
o spawnWater
v 9.9625 0.0921875 10.09375
v 9.9625 0.0921875 -9.90625
v 9.9625 0.0921875 10.09375
v 9.9625 0.0921875 -9.90625
v -10.0375 0.0921875 -9.90625
v -10.0375 0.0921875 10.09375
v -10.0375 0.0921875 -9.90625
v -10.0375 0.0921875 10.09375
vt 0 1
vt 0.25 1
vt 0.25 1
vt 0 1
vt 0 1
vt 0.25 1
vt 0.25 1
vt 0 1
vt 0 1
vt 0.25 1
vt 0.25 1
vt 0 1
vt 0 1
vt 0.25 1
vt 0.25 1
vt 0 1
vt 0.25 0.75
vt 0 0.75
vt 0 1
vt 0.25 1
vt 0.25 0.75
vt 0 0.75
vt 0 0.5
vt 0.25 0.5
vn 0 0 -1
vn 1 0 0
vn 0 0 1
vn -1 0 0
vn 0 1 0
vn 0 -1 0
usemtl m_a4a1dba4-c721-3545-2b1d-72dc8038293f
f 12/28/7 15/27/7 13/26/7 10/25/7
f 11/32/8 12/31/8 10/30/8 9/29/8
f 16/36/9 11/35/9 9/34/9 14/33/9
f 15/40/10 16/39/10 14/38/10 13/37/10
f 14/44/11 9/43/11 10/42/11 13/41/11
f 15/48/12 12/47/12 11/46/12 16/45/12
o shrine
v 2.165625 4.80625 2.296875
v 2.165625 4.80625 -2.109375
v 2.165625 4.43125 2.296875
v 2.165625 4.43125 -2.109375
v -2.240625 4.80625 -2.109375
v -2.240625 4.80625 2.296875
v -2.240625 4.43125 -2.109375
v -2.240625 4.43125 2.296875
vt 0.1484375 0.5
vt 0.240234375 0.5
vt 0.240234375 0.4921875
vt 0.1484375 0.4921875
vt 0.1484375 0.4921875
vt 0.240234375 0.4921875
vt 0.240234375 0.484375
vt 0.1484375 0.484375
vt 0.3515625 0.408203125
vt 0.443359375 0.408203125
vt 0.443359375 0.400390625
vt 0.3515625 0.400390625
vt 0.759765625 0.771484375
vt 0.8515625 0.771484375
vt 0.8515625 0.763671875
vt 0.759765625 0.763671875
vt 0.556640625 0.302734375
vt 0.46484375 0.302734375
vt 0.46484375 0.39453125
vt 0.556640625 0.39453125
vt 0.6484375 0.322265625
vt 0.556640625 0.322265625
vt 0.556640625 0.23046875
vt 0.6484375 0.23046875
vn 0 0 -1
vn 1 0 0
vn 0 0 1
vn -1 0 0
vn 0 1 0
vn 0 -1 0
usemtl m_a4a1dba4-c721-3545-2b1d-72dc8038293f
f 20/52/13 23/51/13 21/50/13 18/49/13
f 19/56/14 20/55/14 18/54/14 17/53/14
f 24/60/15 19/59/15 17/58/15 22/57/15
f 23/64/16 24/63/16 22/62/16 21/61/16
f 22/68/17 17/67/17 18/66/17 21/65/17
f 23/72/18 20/71/18 19/70/18 24/69/18
o shrine
v 2.728125 5.18125 2.859375
v 2.728125 5.18125 -2.671875
v 2.728125 4.80625 2.859375
v 2.728125 4.80625 -2.671875
v -2.803125 5.18125 -2.671875
v -2.803125 5.18125 2.859375
v -2.803125 4.80625 -2.671875
v -2.803125 4.80625 2.859375
vt 0.400390625 0.70703125
vt 0.515625 0.70703125
vt 0.515625 0.69921875
vt 0.400390625 0.69921875
vt 0.732421875 0.328125
vt 0.84765625 0.328125
vt 0.84765625 0.3203125
vt 0.732421875 0.3203125
vt 0.732421875 0.3203125
vt 0.84765625 0.3203125
vt 0.84765625 0.3125
vt 0.732421875 0.3125
vt 0.732421875 0.3125
vt 0.84765625 0.3125
vt 0.84765625 0.3046875
vt 0.732421875 0.3046875
vt 0.515625 0.884765625
vt 0.400390625 0.884765625
vt 0.400390625 1
vt 0.515625 1
vt 0.515625 0.884765625
vt 0.400390625 0.884765625
vt 0.400390625 0.76953125
vt 0.515625 0.76953125
vn 0 0 -1
vn 1 0 0
vn 0 0 1
vn -1 0 0
vn 0 1 0
vn 0 -1 0
usemtl m_a4a1dba4-c721-3545-2b1d-72dc8038293f
f 28/76/19 31/75/19 29/74/19 26/73/19
f 27/80/20 28/79/20 26/78/20 25/77/20
f 32/84/21 27/83/21 25/82/21 30/81/21
f 31/88/22 32/87/22 30/86/22 29/85/22
f 30/92/23 25/91/23 26/90/23 29/89/23
f 31/96/24 28/95/24 27/94/24 32/93/24
o shrine
v 3.290625 5.415625 3.421875
v 3.290625 5.415625 -3.234375
v 3.290625 5.18125 3.421875
v 3.290625 5.18125 -3.234375
v -3.365625 5.415625 -3.234375
v -3.365625 5.415625 3.421875
v -3.365625 5.18125 -3.234375
v -3.365625 5.18125 3.421875
vt 0.734375 0.80078125
vt 0.873046875 0.80078125
vt 0.873046875 0.794921875
vt 0.734375 0.794921875
vt 0.734375 0.794921875
vt 0.873046875 0.794921875
vt 0.873046875 0.7890625
vt 0.734375 0.7890625
vt 0.734375 0.7890625
vt 0.873046875 0.7890625
vt 0.873046875 0.783203125
vt 0.734375 0.783203125
vt 0.734375 0.783203125
vt 0.873046875 0.783203125
vt 0.873046875 0.77734375
vt 0.734375 0.77734375
vt 0.388671875 0.560546875
vt 0.25 0.560546875
vt 0.25 0.69921875
vt 0.388671875 0.69921875
vt 0.52734375 0.69921875
vt 0.388671875 0.69921875
vt 0.388671875 0.560546875
vt 0.52734375 0.560546875
vn 0 0 -1
vn 1 0 0
vn 0 0 1
vn -1 0 0
vn 0 1 0
vn 0 -1 0
usemtl m_a4a1dba4-c721-3545-2b1d-72dc8038293f
f 36/100/25 39/99/25 37/98/25 34/97/25
f 35/104/26 36/103/26 34/102/26 33/101/26
f 40/108/27 35/107/27 33/106/27 38/105/27
f 39/112/28 40/111/28 38/110/28 37/109/28
f 38/116/29 33/115/29 34/114/29 37/113/29
f 39/120/30 36/119/30 35/118/30 40/117/30
o shrine
v 3.43125 5.65 3.5625
v 3.43125 5.65 -3.375
v 3.43125 5.36875 3.5625
v 3.43125 5.36875 -3.375
v -3.50625 5.65 -3.375
v -3.50625 5.65 3.5625
v -3.50625 5.36875 -3.375
v -3.50625 5.36875 3.5625
vt 0.734375 0.80078125
vt 0.873046875 0.80078125
vt 0.873046875 0.794921875
vt 0.734375 0.794921875
vt 0.734375 0.794921875
vt 0.873046875 0.794921875
vt 0.873046875 0.7890625
vt 0.734375 0.7890625
vt 0.734375 0.7890625
vt 0.873046875 0.7890625
vt 0.873046875 0.783203125
vt 0.734375 0.783203125
vt 0.734375 0.783203125
vt 0.873046875 0.783203125
vt 0.873046875 0.77734375
vt 0.734375 0.77734375
vt 0.388671875 0.560546875
vt 0.25 0.560546875
vt 0.25 0.69921875
vt 0.388671875 0.69921875
vt 0.52734375 0.69921875
vt 0.388671875 0.69921875
vt 0.388671875 0.560546875
vt 0.52734375 0.560546875
vn 0 0 -1
vn 1 0 0
vn 0 0 1
vn -1 0 0
vn 0 1 0
vn 0 -1 0
usemtl m_a4a1dba4-c721-3545-2b1d-72dc8038293f
f 44/124/31 47/123/31 45/122/31 42/121/31
f 43/128/32 44/127/32 42/126/32 41/125/32
f 48/132/33 43/131/33 41/130/33 46/129/33
f 47/136/34 48/135/34 46/134/34 45/133/34
f 46/140/35 41/139/35 42/138/35 45/137/35
f 47/144/36 44/143/36 43/142/36 48/141/36
o shrine
v 1.978125 4.43125 2.109375
v 1.978125 4.43125 -1.921875
v 1.978125 0.3999999999999999 2.109375
v 1.978125 0.3999999999999999 -1.921875
v -2.053125 4.43125 -1.921875
v -2.053125 4.43125 2.109375
v -2.053125 0.3999999999999999 -1.921875
v -2.053125 0.3999999999999999 2.109375
vt 0.6484375 0.322265625
vt 0.732421875 0.322265625
vt 0.732421875 0.23828125
vt 0.6484375 0.23828125
vt 0.23828125 0.3203125
vt 0.322265625 0.3203125
vt 0.322265625 0.236328125
vt 0.23828125 0.236328125
vt 0.11328125 0.318359375
vt 0.197265625 0.318359375
vt 0.197265625 0.234375
vt 0.11328125 0.234375
vt 0.68359375 0.5078125
vt 0.767578125 0.5078125
vt 0.767578125 0.423828125
vt 0.68359375 0.423828125
vt 0.767578125 0.33984375
vt 0.68359375 0.33984375
vt 0.68359375 0.423828125
vt 0.767578125 0.423828125
vt 0.40625 0.306640625
vt 0.322265625 0.306640625
vt 0.322265625 0.22265625
vt 0.40625 0.22265625
vn 0 0 -1
vn 1 0 0
vn 0 0 1
vn -1 0 0
vn 0 1 0
vn 0 -1 0
usemtl m_a4a1dba4-c721-3545-2b1d-72dc8038293f
f 52/148/37 55/147/37 53/146/37 50/145/37
f 51/152/38 52/151/38 50/150/38 49/149/38
f 56/156/39 51/155/39 49/154/39 54/153/39
f 55/160/40 56/159/40 54/158/40 53/157/40
f 54/164/41 49/163/41 50/162/41 53/161/41
f 55/168/42 52/167/42 51/166/42 56/165/42
o branch
v 0.8514898557407724 0.6110690055872448 -3.7698417621172817
v 0.7883188556657261 0.6250736791376993 -4.011323218689548
v 0.5268304348336181 -0.8533750050926552 -3.7698417621172817
v 0.46365943475857185 -0.8393703315422006 -4.011323218689548
v 0.5525614738207161 0.6773398323714116 -3.9466184574139183
v 0.6157324738957624 0.6633351588209571 -3.7051370008416513
v 0.2279020529135618 -0.7871041783084886 -3.9466184574139183
v 0.2910730529886081 -0.8011088518589431 -3.7051370008416513
vt 0.0234375 0.17578125
vt 0.03125 0.17578125
vt 0.03125 0.12890625
vt 0.0234375 0.12890625
vt 0.015625 0.17578125
vt 0.0234375 0.17578125
vt 0.0234375 0.12890625
vt 0.015625 0.12890625
vt 0.0390625 0.17578125
vt 0.046875 0.17578125
vt 0.046875 0.12890625
vt 0.0390625 0.12890625
vt 0.03125 0.17578125
vt 0.0390625 0.17578125
vt 0.0390625 0.12890625
vt 0.03125 0.12890625
vt 0.03125 0.17578125
vt 0.0234375 0.17578125
vt 0.0234375 0.18359375
vt 0.03125 0.18359375
vt 0.0390625 0.18359375
vt 0.03125 0.18359375
vt 0.03125 0.17578125
vt 0.0390625 0.17578125
vn -0.25268400030018495 0.056018694201818015 -0.9659258262890683
vn 0.94302952738004 -0.209064612934849 -0.25881904510252074
vn 0.25268400030018495 -0.056018694201818015 0.9659258262890683
vn -0.94302952738004 0.209064612934849 0.25881904510252074
vn 0.21643961393810288 0.9762960071199334 6.938893903907228e-18
vn -0.21643961393810288 -0.9762960071199334 -6.938893903907228e-18
usemtl m_a4a1dba4-c721-3545-2b1d-72dc8038293f
f 60/172/43 63/171/43 61/170/43 58/169/43
f 59/176/44 60/175/44 58/174/44 57/173/44
f 64/180/45 59/179/45 57/178/45 62/177/45
f 63/184/46 64/183/46 62/182/46 61/181/46
f 62/188/47 57/187/47 58/186/47 61/185/47
f 63/192/48 60/191/48 59/190/48 64/189/48
o branch
v 0.6524671407650668 1.3451926955222915 -4.111523714814943
v 0.6572168097796542 1.2750767510979697 -4.28535537183327
v 0.7525622081098198 0.5399971096519088 -3.7840087594493905
v 0.7573118771244072 0.46988116522758683 -3.9578404164677172
v 0.47100823455195523 1.2534135750394404 -4.281705260228468
v 0.46625856553736783 1.3235295194637622 -4.107873603210141
v 0.5711033018967081 0.44821798916905753 -3.9541903048629146
v 0.5663536328821207 0.5183339335933795 -3.7803586478445874
vt 0.025390625 0.02734375
vt 0.03125 0.02734375
vt 0.03125 0
vt 0.025390625 0
vt 0.01953125 0.02734375
vt 0.025390625 0.02734375
vt 0.025390625 0
vt 0.01953125 0
vt 0.037109375 0.02734375
vt 0.04296875 0.02734375
vt 0.04296875 0
vt 0.037109375 0
vt 0.03125 0.02734375
vt 0.037109375 0.02734375
vt 0.037109375 0
vt 0.03125 0
vt 0.03125 0.02734375
vt 0.025390625 0.02734375
vt 0.025390625 0.033203125
vt 0.03125 0.033203125
vt 0.037109375 0.033203125
vt 0.03125 0.033203125
vt 0.03125 0.02734375
vt 0.037109375 0.02734375
vn 0.02533156807779945 -0.3739517035963836 -0.9271021707644107
vn 0.9931124012143948 0.11553693897882315 -0.019467261892280926
vn -0.02533156807779945 0.3739517035963836 0.9271021707644107
vn -0.9931124012143948 -0.11553693897882315 0.019467261892280926
vn -0.11439436267971757 0.9202235267090091 -0.3743028061320607
vn 0.11439436267971757 -0.9202235267090091 0.3743028061320607
usemtl m_a4a1dba4-c721-3545-2b1d-72dc8038293f
f 68/196/49 71/195/49 69/194/49 66/193/49
f 67/200/50 68/199/50 66/198/50 65/197/50
f 72/204/51 67/203/51 65/202/51 70/201/51
f 71/208/52 72/207/52 70/206/52 69/205/52
f 70/212/53 65/211/53 66/210/53 69/209/53
f 71/216/54 68/215/54 67/214/54 72/213/54
o branch
v 0.1765699677512322 1.6013112204366495 -4.709894461635137
v 0.2731863489483633 1.49721128376493 -4.83230658550085
v 0.6552584576191349 1.3382619475092963 -4.108380821157734
v 0.7518748388162659 1.2341620108375768 -4.230792945023447
v 0.15648733102683474 1.3535640888130045 -4.8022554191575235
v 0.059870949829703674 1.457664025484724 -4.6798432952918105
v 0.6351758208947373 1.0905148158856512 -4.200741778680122
v 0.5385594396976063 1.1946147525573707 -4.078329654814409
vt 0.029296875 0.02734375
vt 0.03515625 0.02734375
vt 0.03515625 0.001953125
vt 0.029296875 0.001953125
vt 0.0234375 0.02734375
vt 0.029296875 0.02734375
vt 0.029296875 0.001953125
vt 0.0234375 0.001953125
vt 0.041015625 0.02734375
vt 0.046875 0.02734375
vt 0.046875 0.001953125
vt 0.041015625 0.001953125
vt 0.03515625 0.02734375
vt 0.041015625 0.02734375
vt 0.041015625 0.001953125
vt 0.03515625 0.001953125
vt 0.03515625 0.02734375
vt 0.029296875 0.02734375
vt 0.029296875 0.033203125
vt 0.03515625 0.033203125
vt 0.041015625 0.033203125
vt 0.03515625 0.033203125
vt 0.03515625 0.02734375
vt 0.041015625 0.02734375
vn 0.5152873663846991 -0.5551996622491709 -0.6528646606171354
vn 0.6223947622481522 0.7661183730769365 -0.1602728871644054
vn -0.5152873663846991 0.5551996622491709 0.6528646606171354
vn -0.6223947622481522 -0.7661183730769365 0.1602728871644054
vn -0.5891550644528035 0.32375295129520415 -0.7403244805875719
vn 0.5891550644528035 -0.32375295129520415 0.7403244805875719
usemtl m_a4a1dba4-c721-3545-2b1d-72dc8038293f
f 76/220/55 79/219/55 77/218/55 74/217/55
f 75/224/56 76/223/56 74/222/56 73/221/56
f 80/228/57 75/227/57 73/226/57 78/225/57
f 79/232/58 80/231/58 78/230/58 77/229/58
f 78/236/59 73/235/59 74/234/59 77/233/59
f 79/240/60 76/239/60 75/238/60 80/237/60
o branch
v -0.2568463413876743 1.615597616410908 -5.800179992934147
v -0.1403906882695326 1.605318209391391 -5.844422671968697
v 0.15535435989715332 1.512708865007011 -4.6912793045517995
v 0.27181001301529506 1.5024294579874942 -4.73552198358635
v -0.15382303818509713 1.481213268563194 -5.850944607093761
v -0.27027869130323884 1.491492675582711 -5.806701928059212
v 0.25837766309973054 1.378324517159297 -4.742043918711413
v 0.1419220099815888 1.388603924178814 -4.697801239676864
vt 0.00390625 0.037109375
vt 0.0078125 0.037109375
vt 0.0078125 0
vt 0.00390625 0
vt 0 0.037109375
vt 0.00390625 0.037109375
vt 0.00390625 0
vt 0 0
vt 0.01171875 0.037109375
vt 0.015625 0.037109375
vt 0.015625 0
vt 0.01171875 0
vt 0.0078125 0.037109375
vt 0.01171875 0.037109375
vt 0.01171875 0
vt 0.0078125 0
vt 0.0078125 0.037109375
vt 0.00390625 0.037109375
vt 0.00390625 0.041015625
vt 0.0078125 0.041015625
vt 0.01171875 0.041015625
vt 0.0078125 0.041015625
vt 0.0078125 0.037109375
vt 0.01171875 0.037109375
vn 0.9316452249451335 -0.08223525615613553 -0.3539414322763958
vn 0.1074587993245162 0.9928395266255764 0.05217548100051434
vn -0.9316452249451335 0.08223525615613553 0.3539414322763958
vn -0.1074587993245162 -0.9928395266255764 -0.05217548100051434
vn -0.3471163800293282 0.08664315907696597 -0.9338111060061873
vn 0.3471163800293282 -0.08664315907696597 0.9338111060061873
usemtl m_a4a1dba4-c721-3545-2b1d-72dc8038293f
f 84/244/61 87/243/61 85/242/61 82/241/61
f 83/248/62 84/247/62 82/246/62 81/245/62
f 88/252/63 83/251/63 81/250/63 86/249/63
f 87/256/64 88/255/64 86/254/64 85/253/64
f 86/260/65 81/259/65 82/258/65 85/257/65
f 87/264/66 84/263/66 83/262/66 88/261/66
o branch
v 0.06976372304116452 -0.27939163118678767 -4.361170595646178
v 0.06976372304116452 -0.27939163118678767 -4.361170595646178
v -0.4347187374471554 0.7643807092754531 -5.313030222033194
v -0.4347187374471554 0.7643807092754531 -5.313030222033194
v 0.8908388369793304 0.7597390378635847 -3.6568673158651204
v 0.8908388369793304 0.7597390378635847 -3.6568673158651204
v 0.38635637649101046 1.8035113783258254 -4.608726942252136
v 0.38635637649101046 1.8035113783258254 -4.608726942252136
vt 0.05859375 0.046875
vt 0.10546875 0.046875
vt 0.10546875 0
vt 0.05859375 0
vt 0.05859375 0.046875
vt 0.05859375 0.046875
vt 0.05859375 0
vt 0.05859375 0
vt 0.10546875 0.046875
vt 0.15234375 0.046875
vt 0.15234375 0
vt 0.10546875 0
vt 0.10546875 0.046875
vt 0.10546875 0.046875
vt 0.10546875 0
vt 0.10546875 0
vt 0.10546875 0.046875
vt 0.05859375 0.046875
vt 0.05859375 0.046875
vt 0.10546875 0.046875
vt 0.15234375 0.046875
vt 0.10546875 0.046875
vt 0.10546875 0.046875
vt 0.15234375 0.046875
vn 0.7663283613963923 -0.1894398220777408 -0.6138838622497534
vn -0.5473834092921103 -0.6927537793669146 -0.46953551985403863
vn -0.7663283613963923 0.1894398220777408 0.6138838622497534
vn 0.5473834092921103 0.6927537793669146 0.46953551985403863
vn 0.33632164032554657 -0.6958482269748267 0.6345730842580103
vn -0.33632164032554657 0.6958482269748267 -0.6345730842580103
usemtl m_a4a1dba4-c721-3545-2b1d-72dc8038293f
f 92/268/67 95/267/67 93/266/67 90/265/67
f 91/272/68 92/271/68 90/270/68 89/269/68
f 96/276/69 91/275/69 89/274/69 94/273/69
f 95/280/70 96/279/70 94/278/70 93/277/70
f 94/284/71 89/283/71 90/282/71 93/281/71
f 95/288/72 92/287/72 91/286/72 96/285/72
o branch
v 0.5798557872040528 0.14820976868866564 -3.877322861078298
v 0.5798557872040528 0.14820976868866564 -3.877322861078298
v 1.0730520187563177 1.5307584696997263 -4.186056672824396
v 1.0730520187563177 1.5307584696997263 -4.186056672824396
v -0.30390692806686626 0.7039912879087824 -2.8002572335558376
v -0.30390692806686626 0.7039912879087824 -2.8002572335558376
v 0.18928930348539863 2.086539988919843 -3.108991045301935
v 0.18928930348539863 2.086539988919843 -3.108991045301935
vt 0.109375 0.046875
vt 0.15625 0.046875
vt 0.15625 0
vt 0.109375 0
vt 0.109375 0.046875
vt 0.109375 0.046875
vt 0.109375 0
vt 0.109375 0
vt 0.15625 0.046875
vt 0.203125 0.046875
vt 0.203125 0
vt 0.15625 0
vt 0.15625 0.046875
vt 0.15625 0.046875
vt 0.15625 0
vt 0.15625 0
vt 0.15625 0.046875
vt 0.109375 0.046875
vt 0.109375 0.046875
vt 0.15625 0.046875
vt 0.203125 0.046875
vt 0.15625 0.046875
vt 0.15625 0.046875
vt 0.203125 0.046875
vn 0.7380818805163127 -0.114825456383947 0.6648685977091425
vn 0.5891751435139463 -0.37052101281341127 -0.7180437516816401
vn -0.7380818805163127 0.114825456383947 -0.6648685977091425
vn -0.5891751435139463 0.37052101281341127 0.7180437516816401
vn -0.3287974877015099 -0.9216991340073737 0.20582254116406506
vn 0.3287974877015099 0.9216991340073737 -0.20582254116406506
usemtl m_a4a1dba4-c721-3545-2b1d-72dc8038293f
f 100/292/73 103/291/73 101/290/73 98/289/73
f 99/296/74 100/295/74 98/294/74 97/293/74
f 104/300/75 99/299/75 97/298/75 102/297/75
f 103/304/76 104/303/76 102/302/76 101/301/76
f 102/308/77 97/307/77 98/306/77 101/305/77
f 103/312/78 100/311/78 99/310/78 104/309/78
o branch
v 1.9904949807600614 2.2096232801874267 -2.99591768034509
v 1.8836241456642453 2.2739569524954835 -3.0039677246482266
v 1.601903893599006 1.4596536017562722 -3.8306024701986368
v 1.4950330585031897 1.523987274064329 -3.838652514501774
v 1.8333204598635402 2.201472501913611 -2.9154208804429813
v 1.9401912949593563 2.137138829605554 -2.9073708361398443
v 1.4447293727024846 1.4515028234824565 -3.750105670296528
v 1.5516002077983007 1.3871691511743998 -3.7420556259933915
vt 0.009765625 0.037109375
vt 0.013671875 0.037109375
vt 0.013671875 0
vt 0.009765625 0
vt 0.005859375 0.037109375
vt 0.009765625 0.037109375
vt 0.009765625 0
vt 0.005859375 0
vt 0.017578125 0.037109375
vt 0.021484375 0.037109375
vt 0.021484375 0
vt 0.017578125 0
vt 0.013671875 0.037109375
vt 0.017578125 0.037109375
vt 0.017578125 0
vt 0.013671875 0
vt 0.013671875 0.037109375
vt 0.009765625 0.037109375
vt 0.009765625 0.041015625
vt 0.013671875 0.041015625
vt 0.017578125 0.041015625
vt 0.013671875 0.041015625
vt 0.013671875 0.037109375
vt 0.017578125 0.037109375
vn -0.8549666807665282 0.5146693784644542 -0.06440035442509498
vn 0.4024294864056417 0.5798756046549806 -0.7083747536419635
vn 0.8549666807665282 -0.5146693784644542 0.06440035442509498
vn -0.4024294864056417 -0.5798756046549806 0.7083747536419635
vn 0.3272345997145732 0.6315534134157089 0.7028924546135134
vn -0.3272345997145732 -0.6315534134157089 -0.7028924546135134
usemtl m_a4a1dba4-c721-3545-2b1d-72dc8038293f
f 108/316/79 111/315/79 109/314/79 106/313/79
f 107/320/80 108/319/80 106/318/80 105/317/80
f 112/324/81 107/323/81 105/322/81 110/321/81
f 111/328/82 112/327/82 110/326/82 109/325/82
f 110/332/83 105/331/83 106/330/83 109/329/83
f 111/336/84 108/335/84 107/334/84 112/333/84
o branch
v 2.012100842925736 2.634205723262232 -3.4867690235445217
v 2.012100842925736 2.634205723262232 -3.4867690235445217
v 1.63255251256214 1.920862575976375 -4.356964903297187
v 1.63255251256214 1.920862575976375 -4.356964903297187
v 1.8759385603875673 2.0940473487147355 -2.98458503015146
v 1.8759385603875673 2.0940473487147355 -2.98458503015146
v 1.4963902300239715 1.3807042014288786 -3.8547809099041253
v 1.4963902300239715 1.3807042014288786 -3.8547809099041253
vt 0.083984375 0.046875
vt 0.107421875 0.046875
vt 0.107421875 0.009765625
vt 0.083984375 0.009765625
vt 0.083984375 0.046875
vt 0.083984375 0.046875
vt 0.083984375 0.009765625
vt 0.083984375 0.009765625
vt 0.107421875 0.046875
vt 0.130859375 0.046875
vt 0.130859375 0.009765625
vt 0.107421875 0.009765625
vt 0.107421875 0.046875
vt 0.107421875 0.046875
vt 0.107421875 0.009765625
vt 0.107421875 0.009765625
vt 0.107421875 0.046875
vt 0.083984375 0.046875
vt 0.083984375 0.046875
vt 0.107421875 0.046875
vt 0.130859375 0.046875
vt 0.107421875 0.046875
vt 0.107421875 0.046875
vt 0.130859375 0.046875
vn -0.9299908517150483 0.3470494916155421 0.1211349086585409
vn 0.18154971005089152 0.7202111660633287 -0.6695786578574154
vn 0.9299908517150483 -0.3470494916155421 -0.1211349086585409
vn -0.18154971005089152 -0.7202111660633287 0.6695786578574154
vn 0.3196196466219756 0.6007100187670373 0.7327965303180339
vn -0.3196196466219756 -0.6007100187670373 -0.7327965303180339
usemtl m_a4a1dba4-c721-3545-2b1d-72dc8038293f
f 116/340/85 119/339/85 117/338/85 114/337/85
f 115/344/86 116/343/86 114/342/86 113/341/86
f 120/348/87 115/347/87 113/346/87 118/345/87
f 119/352/88 120/351/88 118/350/88 117/349/88
f 118/356/89 113/355/89 114/354/89 117/353/89
f 119/360/90 116/359/90 115/358/90 120/357/90
o branch
v 1.6273197053659396 1.5324129274140945 -3.882633896048074
v 1.4894953523206451 1.5931442915621317 -3.77095400029076
v 1.092150802300215 1.086005539647089 -4.30033108222302
v 0.9543264492549206 1.146736903795126 -4.188651186465706
v 1.519633703845461 1.4487301970878694 -3.6552280348182458
v 1.6574580568907558 1.3879988329398323 -3.76690793057556
v 0.9844648007797366 1.0023228093208638 -4.072925220993192
v 1.1222891538250312 0.9415914451728267 -4.1846051167505065
vt 0.02734375 0.025390625
vt 0.033203125 0.025390625
vt 0.033203125 0
vt 0.02734375 0
vt 0.021484375 0.025390625
vt 0.02734375 0.025390625
vt 0.02734375 0
vt 0.021484375 0
vt 0.0390625 0.025390625
vt 0.044921875 0.025390625
vt 0.044921875 0
vt 0.0390625 0
vt 0.033203125 0.025390625
vt 0.0390625 0.025390625
vt 0.0390625 0
vt 0.033203125 0
vt 0.033203125 0.025390625
vt 0.02734375 0.025390625
vt 0.02734375 0.03125
vt 0.033203125 0.03125
vt 0.0390625 0.03125
vt 0.033203125 0.03125
vt 0.033203125 0.025390625
vt 0.0390625 0.025390625
vn -0.7350632162415708 0.32390060878953114 0.595626110705675
vn -0.16073787479901833 0.7702085038627321 -0.6172051491867407
vn 0.7350632162415708 -0.32390060878953114 -0.595626110705675
vn 0.16073787479901833 -0.7702085038627321 0.6172051491867407
vn 0.6586694191578149 0.5494244772516993 0.5140888445230104
vn -0.6586694191578149 -0.5494244772516993 -0.5140888445230104
usemtl m_a4a1dba4-c721-3545-2b1d-72dc8038293f
f 124/364/91 127/363/91 125/362/91 122/361/91
f 123/368/92 124/367/92 122/366/92 121/365/92
f 128/372/93 123/371/93 121/370/93 126/369/93
f 127/376/94 128/375/94 126/374/94 125/373/94
f 126/380/95 121/379/95 122/378/95 125/377/95
f 127/384/96 124/383/96 123/382/96 128/381/96
o branch
v 1.0979667627624623 1.0915119279855494 -4.301577936469426
v 1.0557829142105102 1.1807313718163372 -4.142151891659079
v 0.6159468237977844 0.4073450790997648 -4.046239922601172
v 0.5737629752458322 0.49656452293055287 -3.8868138777908254
v 1.2064744916898276 1.1052166377794357 -4.060018929822001
v 1.2486583402417797 1.0159971939486478 -4.219444974632348
v 0.7244545527251496 0.4210497888936513 -3.8046809159537474
v 0.7666384012771018 0.33183034506286324 -3.9641069607640946
vt 0.0234375 0.1015625
vt 0.029296875 0.1015625
vt 0.029296875 0.07421875
vt 0.0234375 0.07421875
vt 0.017578125 0.1015625
vt 0.0234375 0.1015625
vt 0.0234375 0.07421875
vt 0.017578125 0.07421875
vt 0.03515625 0.1015625
vt 0.041015625 0.1015625
vt 0.041015625 0.07421875
vt 0.03515625 0.07421875
vt 0.029296875 0.1015625
vt 0.03515625 0.1015625
vt 0.03515625 0.07421875
vt 0.029296875 0.07421875
vt 0.029296875 0.1015625
vt 0.0234375 0.1015625
vt 0.0234375 0.107421875
vt 0.029296875 0.107421875
vt 0.03515625 0.107421875
vt 0.029296875 0.107421875
vt 0.029296875 0.1015625
vt 0.03515625 0.1015625
vn -0.22498052561041196 0.47583703376420294 0.8502722389885182
vn -0.803688413223026 0.40274524819680824 -0.4380424631310828
vn 0.22498052561041196 -0.47583703376420294 -0.8502722389885182
vn 0.803688413223026 -0.40274524819680824 0.4380424631310828
vn 0.5508799302453462 0.7819049701551823 -0.2918148729922898
vn -0.5508799302453462 -0.7819049701551823 0.2918148729922898
usemtl m_a4a1dba4-c721-3545-2b1d-72dc8038293f
f 132/388/97 135/387/97 133/386/97 130/385/97
f 131/392/98 132/391/98 130/390/98 129/389/98
f 136/396/99 131/395/99 129/394/99 134/393/99
f 135/400/100 136/399/100 134/398/100 133/397/100
f 134/404/101 129/403/101 130/402/101 133/401/101
f 135/408/102 132/407/102 131/406/102 136/405/102
o branch6
v 0.8278500690153728 0.6554352394141838 3.8918127955585016
v 0.9028732430108232 0.7050787636180986 3.6585596200854473
v 0.6123522971186679 -0.780857109067683 3.516812795558502
v 0.6873754711141182 -0.731213584863768 3.2835596200854473
v 0.6671158611658131 0.7573449168518108 3.593854858809817
v 0.5920926871703628 0.707701392647896 3.8271080342828716
v 0.4516180892691082 -0.6789474316300557 3.218854858809817
v 0.37659491527365785 -0.7285909558339707 3.4521080342828716
vt 0.0234375 0.17578125
vt 0.03125 0.17578125
vt 0.03125 0.12890625
vt 0.0234375 0.12890625
vt 0.015625 0.17578125
vt 0.0234375 0.17578125
vt 0.0234375 0.12890625
vt 0.015625 0.12890625
vt 0.0390625 0.17578125
vt 0.046875 0.17578125
vt 0.046875 0.12890625
vt 0.0390625 0.12890625
vt 0.03125 0.17578125
vt 0.0390625 0.17578125
vt 0.0390625 0.12890625
vt 0.03125 0.12890625
vt 0.03125 0.17578125
vt 0.0234375 0.17578125
vt 0.0234375 0.18359375
vt 0.03125 0.18359375
vt 0.0390625 0.18359375
vt 0.03125 0.18359375
vt 0.03125 0.17578125
vt 0.0390625 0.17578125
vn 0.3000926959818013 0.19857409681565924 -0.9330127018922193
vn 0.9430295273800398 -0.2090646129348489 0.25881904510252074
vn -0.3000926959818013 -0.19857409681565924 0.9330127018922193
vn -0.9430295273800398 0.2090646129348489 -0.25881904510252074
vn 0.14366518126446998 0.9575282323212444 0.24999999999999994
vn -0.14366518126446998 -0.9575282323212444 -0.24999999999999994
usemtl m_a4a1dba4-c721-3545-2b1d-72dc8038293f
f 140/412/103 143/411/103 141/410/103 138/409/103
f 139/416/104 140/415/104 138/414/104 137/413/104
f 144/420/105 139/419/105 137/418/105 142/417/105
f 143/424/106 144/423/106 142/422/106 141/421/106
f 142/428/107 137/427/107 138/426/107 141/425/107
f 143/432/108 140/431/108 139/430/108 144/429/108
o branch6
v 0.6367851072108995 1.2089672354155447 4.306399180674187
v 0.6348457686099134 1.3192604921138262 4.154781614103958
v 0.8108476865765952 0.5165832491534501 3.8005023196121988
v 0.808908347975609 0.6268765058517314 3.64888475304197
v 0.4511033829079498 1.2879781492279527 4.13437571495392
v 0.45304272150893604 1.1776848925296712 4.285993281524149
v 0.6251659622736454 0.5955941629658579 3.6284788538919326
v 0.6271053008746317 0.4853009062675766 3.780096420462161
vt 0.025390625 0.02734375
vt 0.03125 0.02734375
vt 0.03125 0
vt 0.025390625 0
vt 0.01953125 0.02734375
vt 0.025390625 0.02734375
vt 0.025390625 0
vt 0.01953125 0
vt 0.037109375 0.02734375
vt 0.04296875 0.02734375
vt 0.04296875 0
vt 0.037109375 0
vt 0.03125 0.02734375
vt 0.037109375 0.02734375
vt 0.037109375 0
vt 0.03125 0
vt 0.03125 0.02734375
vt 0.025390625 0.02734375
vt 0.025390625 0.033203125
vt 0.03125 0.033203125
vt 0.037109375 0.033203125
vt 0.03125 0.033203125
vt 0.03125 0.02734375
vt 0.037109375 0.02734375
vn -0.010343139205259866 0.588230702390834 -0.8086270217078864
vn 0.9799593904104722 0.16683916205799226 0.10883146213353356
vn 0.010343139205259866 -0.588230702390834 0.8086270217078864
vn -0.9799593904104722 -0.16683916205799226 -0.10883146213353356
vn -0.19892866213222354 0.791295984299537 0.5781678412137002
vn 0.19892866213222354 -0.791295984299537 -0.5781678412137002
usemtl m_a4a1dba4-c721-3545-2b1d-72dc8038293f
f 148/436/109 151/435/109 149/434/109 146/433/109
f 147/440/110 148/439/110 146/438/110 145/437/110
f 152/444/111 147/443/111 145/442/111 150/441/111
f 151/448/112 152/447/112 150/446/112 149/445/112
f 150/452/113 145/451/113 146/450/113 149/449/113
f 151/456/114 148/455/114 147/454/114 152/453/114
o branch6
v 0.2127839985808311 1.2662132337753562 4.865795937130784
v 0.11446499047874711 1.391201388277731 4.766460224117221
v 0.7366003204545315 1.188508551479948 4.249569766566698
v 0.6382813123524476 1.3134967059823228 4.1502340535531355
v 0.010169825143144212 1.2525916483665034 4.695283623402091
v 0.1084888332452282 1.1276034938641288 4.794619336415653
v 0.5339861470168445 1.1748869660710954 4.079057452838005
v 0.6323051551189286 1.0498988115687207 4.178393165851567
vt 0.029296875 0.02734375
vt 0.03515625 0.02734375
vt 0.03515625 0.001953125
vt 0.029296875 0.001953125
vt 0.0234375 0.02734375
vt 0.029296875 0.02734375
vt 0.029296875 0.001953125
vt 0.0234375 0.001953125
vt 0.041015625 0.02734375
vt 0.046875 0.02734375
vt 0.046875 0.001953125
vt 0.041015625 0.001953125
vt 0.03515625 0.02734375
vt 0.041015625 0.02734375
vt 0.041015625 0.001953125
vt 0.03515625 0.001953125
vt 0.03515625 0.02734375
vt 0.029296875 0.02734375
vt 0.029296875 0.033203125
vt 0.03515625 0.033203125
vt 0.041015625 0.033203125
vt 0.03515625 0.033203125
vt 0.03515625 0.02734375
vt 0.041015625 0.02734375
vn -0.5243680432111146 0.666603490679332 -0.5297904694056664
vn 0.5562408817898822 0.739251946193213 0.37960853714736337
vn 0.5243680432111146 -0.666603490679332 0.5297904694056664
vn -0.5562408817898822 -0.739251946193213 -0.37960853714736337
vn -0.644697011536862 0.09563653205588685 0.7584322099250285
vn 0.644697011536862 -0.09563653205588685 -0.7584322099250285
usemtl m_a4a1dba4-c721-3545-2b1d-72dc8038293f
f 156/460/115 159/459/115 157/458/115 154/457/115
f 155/464/116 156/463/116 154/462/116 153/461/116
f 160/468/117 155/467/117 153/466/117 158/465/117
f 159/472/118 160/471/118 158/470/118 157/469/118
f 158/476/119 153/475/119 154/474/119 157/473/119
f 159/480/120 156/479/120 155/478/120 160/477/120
o branch6
v -0.2535492448968875 1.096974143320649 5.846103787685365
v -0.3682972724216406 1.1107799410705368 5.798487717628422
v 0.215460332328272 1.2949794752700738 4.773266355922903
v 0.10071230480351892 1.3087852730199616 4.72565028586596
v -0.37283044365841495 0.9883055225139095 5.773901803820833
v -0.25808241613366184 0.9744997247640217 5.821517873877776
v 0.09617913356674465 1.1863108544633343 4.701064372058371
v 0.21092716109149778 1.1725050567134465 4.748680442115314
vt 0.00390625 0.037109375
vt 0.0078125 0.037109375
vt 0.0078125 0
vt 0.00390625 0
vt 0 0.037109375
vt 0.00390625 0.037109375
vt 0.00390625 0
vt 0 0
vt 0.01171875 0.037109375
vt 0.015625 0.037109375
vt 0.015625 0
vt 0.01171875 0
vt 0.0078125 0.037109375
vt 0.01171875 0.037109375
vt 0.01171875 0
vt 0.0078125 0
vt 0.0078125 0.037109375
vt 0.00390625 0.037109375
vt 0.00390625 0.041015625
vt 0.0078125 0.041015625
vt 0.01171875 0.041015625
vt 0.0078125 0.041015625
vt 0.0078125 0.037109375
vt 0.01171875 0.037109375
vn -0.9179842201980246 0.11044638199910174 -0.3809285604555445
vn 0.03626536989419438 0.9797953484530176 0.19668731046070817
vn 0.9179842201980246 -0.11044638199910174 0.3809285604555445
vn -0.03626536989419438 -0.9797953484530176 -0.19668731046070817
vn -0.3949554334527656 -0.16674133216793646 0.9034420477999683
vn 0.3949554334527656 0.16674133216793646 -0.9034420477999683
usemtl m_a4a1dba4-c721-3545-2b1d-72dc8038293f
f 164/484/121 167/483/121 165/482/121 162/481/121
f 163/488/122 164/487/122 162/486/122 161/485/122
f 168/492/123 163/491/123 161/490/123 166/489/123
f 167/496/124 168/495/124 166/494/124 165/493/124
f 166/500/125 161/499/125 162/498/125 165/497/125
f 167/504/126 164/503/126 163/502/126 168/501/126
o branch6
v 0.1626483208823527 -0.3488987883463307 3.966592193309635
v 0.1626483208823527 -0.3488987883463307 3.966592193309635
v -0.4604514932613568 0.39637832485026303 5.10953079452994
v -0.4604514932613568 0.39637832485026303 5.10953079452994
v 0.936289527892551 0.8790583665342818 3.5876456158170864
v 0.936289527892551 0.8790583665342818 3.5876456158170864
v 0.3131897137488416 1.6243354797308756 4.730584217037392
v 0.3131897137488416 1.6243354797308756 4.730584217037392
vt 0.05859375 0.046875
vt 0.10546875 0.046875
vt 0.10546875 0
vt 0.05859375 0
vt 0.05859375 0.046875
vt 0.05859375 0.046875
vt 0.05859375 0
vt 0.05859375 0
vt 0.10546875 0.046875
vt 0.15234375 0.046875
vt 0.15234375 0
vt 0.10546875 0
vt 0.10546875 0.046875
vt 0.10546875 0.046875
vt 0.10546875 0
vt 0.10546875 0
vt 0.10546875 0.046875
vt 0.05859375 0.046875
vt 0.05859375 0.046875
vt 0.10546875 0.046875
vt 0.15234375 0.046875
vt 0.10546875 0.046875
vt 0.10546875 0.046875
vt 0.15234375 0.046875
vn -0.7492888196831503 0.28804571421360997 -0.5963186490635716
vn -0.5157608046734652 -0.8186381032537415 0.2526310516616994
vn 0.7492888196831503 -0.28804571421360997 0.5963186490635716
vn 0.5157608046734652 0.8186381032537415 -0.2526310516616994
vn 0.41539987609580603 -0.4968514087977289 -0.7619590674802034
vn -0.41539987609580603 0.4968514087977289 0.7619590674802034
usemtl m_a4a1dba4-c721-3545-2b1d-72dc8038293f
f 172/508/127 175/507/127 173/506/127 170/505/127
f 171/512/128 172/511/128 170/510/128 169/509/128
f 176/516/129 171/515/129 169/514/129 174/513/129
f 175/520/130 176/519/130 174/518/130 173/517/130
f 174/524/131 169/523/131 170/522/131 173/521/131
f 175/528/132 172/527/132 171/526/132 176/525/132
o branch6
v 0.6614569400298946 0.21449898776547438 3.633548039059379
v 0.6614569400298946 0.21449898776547438 3.633548039059379
v 1.0367539988171421 1.5057990671071104 4.298150343266885
v 1.0367539988171421 1.5057990671071104 4.298150343266885
v -0.21061394856873705 0.9637761228084976 2.6701809542155424
v -0.21061394856873705 0.9637761228084976 2.6701809542155424
v 0.1646831102185104 2.255076202150134 3.334783258423048
v 0.1646831102185104 2.255076202150134 3.334783258423048
vt 0.109375 0.046875
vt 0.15625 0.046875
vt 0.15625 0
vt 0.109375 0
vt 0.109375 0.046875
vt 0.109375 0.046875
vt 0.109375 0
vt 0.109375 0
vt 0.15625 0.046875
vt 0.203125 0.046875
vt 0.203125 0
vt 0.15625 0
vt 0.15625 0.046875
vt 0.15625 0.046875
vt 0.15625 0
vt 0.15625 0
vt 0.15625 0.046875
vt 0.109375 0.046875
vt 0.109375 0.046875
vt 0.15625 0.046875
vt 0.203125 0.046875
vt 0.15625 0.046875
vt 0.15625 0.046875
vt 0.203125 0.046875
vn -0.7742076904593596 -0.09690288378693399 0.6254696500609449
vn 0.5813805923990879 -0.4995180900286822 0.6422447232292245
vn 0.7742076904593596 0.09690288378693399 -0.6254696500609449
vn -0.5813805923990879 0.4995180900286822 -0.6422447232292245
vn -0.25019803919149824 -0.8608667195610906 -0.443068202805004
vn 0.25019803919149824 0.8608667195610906 0.443068202805004
usemtl m_a4a1dba4-c721-3545-2b1d-72dc8038293f
f 180/532/133 183/531/133 181/530/133 178/529/133
f 179/536/134 180/535/134 178/534/134 177/533/134
f 184/540/135 179/539/135 177/538/135 182/537/135
f 183/544/136 184/543/136 182/542/136 181/541/136
f 182/548/137 177/547/137 178/546/137 181/545/137
f 183/552/138 180/551/138 179/550/138 184/549/138
o branch6
v 1.8436229386020435 2.5643299128165404 3.384268292976878
v 1.9552010344597655 2.510513237811815 3.367562185824079
v 1.4735512380512081 1.6101139184148148 3.9864933526342616
v 1.58512933390893 1.5562972434100897 3.969787245481463
v 1.9144844155421465 2.459134149011181 3.2611321798204433
v 1.8029063196844246 2.512950824015906 3.277838286973242
v 1.5444127149913114 1.5049181546094554 3.8633572394778275
v 1.4328346191335892 1.5587348296141805 3.8800633466306262
vt 0.009765625 0.037109375
vt 0.013671875 0.037109375
vt 0.013671875 0
vt 0.009765625 0
vt 0.005859375 0.037109375
vt 0.009765625 0.037109375
vt 0.009765625 0
vt 0.005859375 0
vt 0.017578125 0.037109375
vt 0.021484375 0.037109375
vt 0.021484375 0
vt 0.017578125 0
vt 0.013671875 0.037109375
vt 0.017578125 0.037109375
vt 0.017578125 0
vt 0.013671875 0
vt 0.013671875 0.037109375
vt 0.009765625 0.037109375
vt 0.009765625 0.041015625
vt 0.013671875 0.041015625
vt 0.017578125 0.041015625
vt 0.013671875 0.041015625
vt 0.013671875 0.037109375
vt 0.017578125 0.037109375
vn 0.8926247668617762 -0.4305334000378008 -0.13364885722239073
vn 0.3257329513409503 0.41103271040507416 0.8514400480290861
vn -0.8926247668617762 0.4305334000378008 0.13364885722239073
vn -0.3257329513409503 -0.41103271040507416 -0.8514400480290861
vn 0.31163932677965084 0.8035503110751371 -0.50713689234306
vn -0.31163932677965084 -0.8035503110751371 0.50713689234306
usemtl m_a4a1dba4-c721-3545-2b1d-72dc8038293f
f 188/556/139 191/555/139 189/554/139 186/553/139
f 187/560/140 188/559/140 186/558/140 185/557/140
f 192/564/141 187/563/141 185/562/141 190/561/141
f 191/568/142 192/567/142 190/566/142 189/565/142
f 190/572/143 185/571/143 186/570/143 189/569/143
f 191/576/144 188/575/144 187/574/144 192/573/144
o branch6
v 1.922953790350296 2.8018538359193057 3.9470040522004157
v 1.922953790350296 2.8018538359193057 3.9470040522004157
v 1.5575650048699266 1.8748830967411154 4.593047807802635
v 1.5575650048699266 1.8748830967411154 4.593047807802635
v 1.8501142057946423 2.394585980939572 3.321442473119694
v 1.8501142057946423 2.394585980939572 3.321442473119694
v 1.4847254203142728 1.467615241761382 3.967486228721913
v 1.4847254203142728 1.467615241761382 3.967486228721913
vt 0.083984375 0.046875
vt 0.107421875 0.046875
vt 0.107421875 0.009765625
vt 0.083984375 0.009765625
vt 0.083984375 0.046875
vt 0.083984375 0.046875
vt 0.083984375 0.009765625
vt 0.083984375 0.009765625
vt 0.107421875 0.046875
vt 0.130859375 0.046875
vt 0.130859375 0.009765625
vt 0.107421875 0.009765625
vt 0.107421875 0.046875
vt 0.107421875 0.046875
vt 0.107421875 0.009765625
vt 0.107421875 0.009765625
vt 0.107421875 0.046875
vt 0.083984375 0.046875
vt 0.083984375 0.046875
vt 0.107421875 0.046875
vt 0.130859375 0.046875
vt 0.107421875 0.046875
vt 0.107421875 0.046875
vt 0.130859375 0.046875
vn 0.9465152380958317 -0.3094801340478058 0.09127404166653037
vn 0.09711944607420489 0.5430238066396447 0.8340821054409628
vn -0.9465152380958317 0.3094801340478058 -0.09127404166653037
vn -0.09711944607420489 -0.5430238066396447 -0.8340821054409628
vn 0.30769581935189017 0.7806069382553181 -0.5440368468229216
vn -0.30769581935189017 -0.7806069382553181 0.5440368468229216
usemtl m_a4a1dba4-c721-3545-2b1d-72dc8038293f
f 196/580/145 199/579/145 197/578/145 194/577/145
f 195/584/146 196/583/146 194/582/146 193/581/146
f 200/588/147 195/587/147 193/586/147 198/585/147
f 199/592/148 200/591/148 198/590/148 197/589/148
f 198/596/149 193/595/149 194/594/149 197/593/149
f 199/600/150 196/599/150 195/598/150 200/597/150
o branch6
v 1.4660373274024132 1.6933319762355905 3.9373533070030824
v 1.6027038533461753 1.6154220620124002 4.039375637657691
v 0.9466618046477324 1.1264972299471503 4.200229108025964
v 1.0833283305914945 1.0485873157239602 4.302251438680573
v 1.6486720635656398 1.5059891711854847 3.8942287601353565
v 1.512005537621878 1.5838990854086747 3.7922064294807485
v 1.1292965408109592 0.9391544248970446 4.1571045611582385
v 0.9926300148671972 1.0170643391202348 4.055082230503631
vt 0.02734375 0.025390625
vt 0.033203125 0.025390625
vt 0.033203125 0
vt 0.02734375 0
vt 0.021484375 0.025390625
vt 0.02734375 0.025390625
vt 0.02734375 0
vt 0.021484375 0
vt 0.0390625 0.025390625
vt 0.044921875 0.025390625
vt 0.044921875 0
vt 0.0390625 0
vt 0.033203125 0.025390625
vt 0.0390625 0.025390625
vt 0.0390625 0
vt 0.033203125 0
vt 0.033203125 0.025390625
vt 0.02734375 0.025390625
vt 0.02734375 0.03125
vt 0.033203125 0.03125
vt 0.0390625 0.03125
vt 0.033203125 0.03125
vt 0.033203125 0.025390625
vt 0.0390625 0.025390625
vn 0.7288881383667305 -0.41551954252368034 0.5441190968245769
vn -0.2451637878371449 0.5836420844102167 0.7741166801191156
vn -0.7288881383667305 0.41551954252368034 -0.5441190968245769
vn 0.2451637878371449 -0.5836420844102167 -0.7741166801191156
vn 0.6392314126211456 0.6976427646626956 -0.3235394474127777
vn -0.6392314126211456 -0.6976427646626956 0.3235394474127777
usemtl m_a4a1dba4-c721-3545-2b1d-72dc8038293f
f 204/604/151 207/603/151 205/602/151 202/601/151
f 203/608/152 204/607/152 202/606/152 201/605/152
